"CHANNEL"	"17"

93.751712
98.232160
101.598784
105.541088
116.429344
118.894848
125.603008
128.406432
131.034624
144.788896
151.059040
154.688448
157.516896
160.395392
162.835872
166.340160
169.719264
171.058400
173.736672
176.865472
180.620032
184.249472
187.203072
192.121568
195.438112
200.819648
205.325152
207.640480
209.605344
211.470144
220.255840
222.833984
232.095264
237.939872
241.481696
244.648064
246.187424
255.799136
560.420256
562.935808
565.789280
569.043264
572.234656
582.259360
588.854880
592.997440
595.976064
599.305120
602.008416
604.774304
614.048096
616.889056
618.954048
620.831360
622.746176
625.336832
627.977568
632.257760
635.674432
638.953440
641.393888
644.485152
648.264768
650.655200
653.496160
656.812672
658.740032
660.367008
683.294944
685.072128
955.785248
958.276224
961.070560
977.796704
989.109792
999.177408
1001.460800
1004.502624
1005.612384
1032.669632
1034.465984
1041.603552
1067.431264
1119.327456
1124.179808
1128.829952
1133.533344
1141.301344
1148.015872
1159.795584
1164.722400
1175.555072
1180.652160
1183.589088
1188.718112
1192.038144
1199.540128
1210.330208
1223.546464
1227.441088
1243.519808
1254.873888
1264.184832
1268.866944
1272.708384
1277.613920
1281.476640
1286.169376
1294.320448
1300.002816
1303.056800
1305.482976
1308.962624
1310.218272
1325.594688
1330.510880
1333.639360
1335.310016
1339.555808
1343.003520
1346.504448
1349.132800
1353.463744
1360.391104
1364.562400
1366.243712
1368.637952
1370.766176
1374.990688
1381.141248
1388.909280
1390.867232
1394.538400
1396.687904
1399.103456
1403.466304
1409.063520
1445.179456
1450.361664
1453.192192
1455.905664
1460.151488
1462.481888
1465.227296
1467.908864
1469.026176
1473.835936
1477.273024
1480.029056
1483.359744
1495.724704
1498.927680
1502.034880
1506.078496
1512.431232
1515.825760
1517.953984
1521.731584
1542.258272
1546.089056
1554.719008
1559.901216
1563.178688
1564.679072
1567.647936
1570.297600
1572.202336
1574.809408
1579.810720
1583.567040
1586.099616
1590.483776
1593.484544
1596.272512
1598.539072
1601.284480
1604.210784
1606.551840
1615.703200
1618.778464
1625.252384
1628.463040
1635.195392
1638.182048
1688.444608
1700.129824
1704.709344
1711.304832
1713.308352
1717.091424
1719.916288
1725.230016
1729.772192
1731.949952
1735.384576
1741.556960
1746.385344
1749.546208
1757.498112
1761.978080
1765.064256
1768.050912
1770.564672
1774.571712
1778.802784
1796.710176

"CHANNEL"	"19"

97.030720
100.234624
104.602432
107.843872
118.269088
121.860960
127.067296
130.621632
133.587744
149.181760
154.388096
157.191520
159.757120
162.059936
164.024832
169.318784
170.432640
172.347456
176.252224
179.594944
181.971680
186.940256
189.468320
194.424352
198.717088
204.649312
206.977152
209.254944
211.269888
212.558944
221.166144
227.752480
236.888608
240.905984
243.696896
245.348896
248.039680
257.351040
562.347616
564.600352
566.527680
571.321024
574.474880
583.523392
591.795968
594.774592
598.291392
601.057248
603.785568
606.301152
616.175680
617.664992
620.080448
621.970240
624.448256
627.389344
630.418016
634.936032
637.952224
640.668032
642.082240
647.613984
649.716544
652.620064
654.810240
658.414624
659.878912
661.968960
684.634080
687.437504
956.783232
959.170400
963.673280
979.800640
991.824288
1000.151456
1003.903840
1005.388832
1006.921728
1034.162592
1038.090656
1043.982720
1069.570912
1123.115680
1127.542400
1130.756000
1136.651168
1144.036096
1151.144352
1163.637024
1166.116416
1179.141120
1182.152544
1187.143232
1190.931456
1193.485344
1201.998208
1214.320608
1226.259936
1229.228800
1247.818816
1256.885056
1268.217824
1270.228992
1275.953920
1279.582528
1284.637056
1289.085024
1298.736512
1301.567072
1304.174144
1307.887872
1309.473408
1311.048288
1329.382912
1332.809344
1334.501280
1338.608736
1342.258656
1344.663552
1348.058048
1351.739872
1355.315296
1363.508928
1365.903200
1367.648320
1369.425408
1372.819904
1379.087520
1382.865120
1389.813760
1393.644544
1395.911104
1397.624320
1399.646144
1407.839808
1409.712640
1449.808320
1452.468608
1455.001184
1459.246976
1461.502912
1463.790752
1467.121408
1468.494112
1469.568864
1475.900320
1478.954304
1482.997952
1484.157824
1498.012544
1500.332288
1502.992576
1508.664288
1515.570368
1516.868576
1521.337856
1524.136448
1545.759200
1548.759968
1558.783904
1562.189056
1564.306656
1566.935008
1569.456928
1571.563872
1573.128128
1576.011872
1581.268576
1585.131296
1589.174912
1592.005440
1595.048800
1597.762272
1600.028832
1602.848736
1605.892096
1607.243520
1617.331264
1620.927968
1626.857696
1630.541216
1637.124256
1639.488704
1692.426816
1702.805376
1706.576000
1712.872800
1716.058560
1718.970528
1721.994496
1728.117088
1731.265504
1733.343712
1737.101888
1742.353408
1748.500896
1751.363072
1759.738112
1762.923840
1766.906016
1768.971776
1773.190400
1775.928160
1779.462336

