"CHANNEL"	"19"

337.293248
340.834528
493.160512
501.491904
505.751712
512.184160
515.537248
520.481344
522.688224
525.938656
531.430208
590.194784
594.403232
599.244672
602.683296
605.352096
609.475040
613.888768
616.694432
620.594944
623.948032
629.473792
634.007296
637.035360
639.994976
642.886144
645.418080
648.565856
654.348224
658.488288
662.508544
663.569216
666.118272
668.923904
672.687584
689.213504
692.378400
695.047200
699.118784
705.688128
712.941728
750.629760
755.933120
768.370336
774.990976
781.406304
788.608608
793.005248
796.118848
799.403488
803.851456
808.162592
810.369472
813.260640
822.858016
828.315328
832.181632
834.320096
837.827136
869.099808
871.819936
874.129440
877.191712
880.271072
883.880768
885.523104
889.201248
893.666336
896.129824
897.395776
946.614304
952.909920
956.519616
960.146432
963.533728
966.373568
968.067232
969.863520
970.941312
972.566528
977.288224
979.084512
980.880832
982.352064
986.201280
988.955616
992.411328
994.104992
996.705344
999.408352
1001.221728
1004.249792
1006.935680
1009.570240
1013.881376
1016.635680
1019.988768
1024.214336
1027.772736
1031.399520
1035.094784
1039.953344
1044.931648
1048.934816
1052.133920
1055.076448
1058.087360
1059.592832
1063.921056
1065.358112
1074.408032
1080.806240
1086.246464
1088.812608
1092.319648
1098.273120
1103.285632
1107.049312
1113.601504
1117.895520
1119.520736
1123.318624
1129.528672
1135.328160
1141.007872
1143.933280
1146.841568
1153.599040
1156.952128
1159.689344
1162.563424
1165.403296
1170.552672
1173.768896
1177.121984
1178.969600
1181.744672
1185.384960
1188.498528
1193.459744
1198.301184
1200.422528
1205.298208
1209.130304
1211.679328
1213.783552
1216.726048
1220.404192
1221.430656
1222.833472
1224.800832
1230.480576
1234.244224
1253.370528
1256.963104
1260.863648
1263.515328
1267.381632
1272.924512
1280.178112
1284.472128
1290.562432
1297.029088
1300.878304
1303.478656
1306.694880
1308.149024
1311.450784
1313.640576
1324.692064
1328.199136
1330.354688
1332.783968
1336.924000
1338.429472
1341.235104
1349.019072
1352.115520
1353.381504
1355.862112
1361.302304
1364.261920
1367.033344
1368.863872
1370.386432
1372.148512
1377.075520
1381.609024
1383.525056
1387.168992
1390.932672
1396.715040
1416.029504
1418.185056
1419.279936
1434.522784
1442.015936
1446.720512
1455.154560
1462.664800
1465.487552
1477.787904
1487.607648
1493.030752
1495.870624
1498.248576
1500.746272
1503.038688
1506.956352
1514.466560
1527.074880
1580.365024
1588.542432
1593.332576
1596.257952
1617.163424
1621.269248
1625.409280

"CHANNEL"	"20"

339.585664
343.948096
497.009728
504.588384
507.462464
514.408128
516.854528
521.747296
524.296320
528.573216
533.363360
593.958432
597.191776
601.896352
604.684896
608.328832
613.444000
615.719296
618.815776
623.366400
625.675904
632.792672
636.795840
639.515968
642.133408
644.460032
647.847360
650.173984
657.581568
661.944000
663.329728
665.280000
668.154048
670.121440
675.493216
692.173120
694.602400
698.246304
701.188832
709.126752
714.122144
753.452512
757.814944
773.536832
777.334720
786.709664
791.208960
795.879328
799.061344
803.372448
807.512480
810.181280
813.140896
816.049184
826.074240
830.624864
833.943712
837.399456
842.326432
871.152736
873.256960
876.712704
879.278848
883.418880
885.044096
888.824864
892.280608
895.719232
896.882560
901.056800
952.396672
955.886624
959.804256
962.113792
965.928768
967.810624
969.384512
970.547840
972.309920
976.963168
978.862112
980.641312
981.907264
984.576064
988.305504
991.658592
992.975872
996.209216
998.655616
1000.794048
1003.548384
1006.217152
1009.313632
1011.212576
1016.156672
1019.526880
1022.092992
1026.609408
1030.561248
1034.034112
1039.115072
1043.203776
1048.644000
1051.210112
1053.536768
1057.762336
1059.370432
1061.714176
1064.981728
1066.521408
1080.464096
1084.587040
1088.556000
1091.601152
1097.913856
1101.609088
1106.399200
1110.419488
1116.407136
1119.195680
1122.617216
1126.586176
1131.564480
1140.494624
1143.574016
1145.900640
1151.477696
1156.541568
1158.731328
1162.033088
1164.565024
1169.047200
1173.375424
1175.548096
1178.405056
1180.783008
1183.332032
1187.608928
1191.543680
1197.959040
1199.635584
1202.697824
1207.522176
1210.977920
1213.184800
1215.990432
1220.164704
1220.866112
1222.371552
1223.654624
1227.418304
1232.858528
1236.194496
1256.603872
1260.247776
1263.070528
1267.210560
1270.563648
1275.353760
1282.350784
1288.851680
1292.495584
1300.570368
1301.990304
1306.438272
1307.875296
1310.116416
1312.186432
1317.181824
1328.062272
1330.098080
1332.629984
1336.616064
1338.172864
1340.995616
1343.151168
1351.773376
1353.022240
1355.212000
1358.873024
1364.056640
1366.674080
1368.504608
1370.010080
1371.498432
1374.167232
1381.420832
1383.217120
1386.895264
1388.606016
1394.901632
1398.340256
1417.723136
1419.108864
1421.264416
1440.082752
1445.009760
1448.499712
1459.551200
1465.350688
1468.515584
1481.551552
1491.456864
1494.519104
1497.718240
1499.531648
1502.747872
1505.160032
1510.138336
1520.762176
1532.292672
1582.109984
1591.553376
1595.471008
1597.814752
1620.790240
1624.228864
1626.418656

